Depotnummer	Implementatienr			Versie stylesheet	Versie keuzeteksten


20140830000001		5				1.79			1.26
			6				1.80			1.26
			7				3.3.0			3.3.0

20140830000002		5				1.79			1.27
			6				1.80			1.27
			7				3.2.0			3.2.0

20140830000003		5				1.79			1.26
			6				1.80			1.26
			7				1.81			3.4.0

20140830000004		5				1.78			1.25
			6				1.79			1.25
			7				1.79.01			1.25.01

20160101000004		1				2.0.1			2.0.0
			2				3.2.0			3.2.0

20140830000005		6				1.87			1.27
			7				1.88			1.27
			8				3.9.0			3.9.0

20140830000006		7				1.75			1.27
			8				1.76			1.27
			9				1.77			1.27
			10				2.8.0			2.8.0

20140830000007		6				1.91			1.39
			7				1.92			1.39
			8				1.93			1.39
			9				1.94			1.39
			10				4.2.0			4.2.0

20140830000008		6				1.75			1.26
			7				1.76			1.26
			8				2.9.0			2.9.0

20140830000009		5				1.66.02			1.23
			6				1.66.03			1.23
			7				1.66.04			1.23
			8				1.66.05			1.23.01

20150801000009		3				1.69			1.25
			4				1.70			1.25
			5				1.71			1.25
			6				1.72			1.25
			7				3.8.0			3.8.0

20150101000012		4				1.06			1.0.2
			5				1.07			1.0.2
			6				1.5.0			1.0.2
			7				2.3.0			2.3.0

20150201000013		5				1.09			1.01
			6				1.10			1.01
			7				1.11			1.01
			8				1.2.0			1.2.0

20151101000014		1				2.0			1.01
			2				2.1			1.01
			3				2.2.0			2.1.1

20151001000015		1				1.0.0			1.00
			2				1.0.1			1.00
			3				1.0.2			1.00
			4				2.3.0			2.3.0

20160201000016		1				1.00			1.00
			2				1.1.0			1.1.0
			3				1.2.0			1.2.0


			


